NOT_rbs1-PhlF 17.22043 0.073805 0.560868 3.876935
NOT_rbs1-SrpR 5.538373 0.011192 0.043338 2.926147
NOT_rbs1-BM3R1 2.168494 0.019056 0.627955 2.945651
NOT_rbs2-QacR 10.30179 0.052934 0.229763 2.687793
NOT_rbs1-AmtR 13.18696 0.316394 0.169953 1.319126
NOT_rbs2-HlyIIR 12.11656 4.702359 4.555541 6.304922
NOT_rbs1-IcaRA 9.219850 0.352692 0.404457 1.437237
NOT_rbs2-BetI 17.43681 1.756201 2.548330 2.633021
NOT_rbs2-LitR 10.20081 0.263379 0.138481 1.542546
NOT_rbs0-PhlF 16.28852 0.061101 0.115825 4.031351
NOT_rbs0-SrpR 8.821696 0.030248 0.415826 2.809881
NOT_rbs0-BM3R1 2.055972 0.018040 0.165888 3.377049
NOT_rbs0-QacR 12.04155 0.139141 0.871797 2.419755
NOT_rbs2-SrpR 8.720336 0.013618 0.157783 2.64759
NOT_rbs3-SrpR 8.966366 0.017023 0.267569 2.795158