NOTsyth_0 50.000000 0.025000 0.800000 18
NOTsyth_1 50.000000 0.025000 0.800000 18
NOTsyth_2 50.000000 0.025000 0.800000 18
NOTsyth_3 50.000000 0.025000 0.800000 18
NOTsyth_4 50.000000 0.025000 0.800000 18
NOTsyth_5 50.000000 0.025000 0.800000 18
NOTsyth_6 50.000000 0.025000 0.800000 18
NOTsyth_7 50.000000 0.025000 0.800000 18
NOTsyth_8 50.000000 0.025000 0.800000 18
NOTsyth_9 50.000000 0.025000 0.800000 18
NOTsyth_10 50.000000 0.025000 0.800000 18
NOTsyth_11 50.000000 0.025000 0.800000 18
NOTsyth_12 50.000000 0.025000 0.800000 18
NOTsyth_13 50.000000 0.025000 0.800000 18
NOTsyth_14 50.000000 0.025000 0.800000 18
NOTsyth_15 50.000000 0.025000 0.800000 18
NOTsyth_16 50.000000 0.025000 0.800000 18
NOTsyth_17 50.000000 0.025000 0.800000 18
NOTsyth_18 50.000000 0.025000 0.800000 18
NOTsyth_19 50.000000 0.025000 0.800000 18
NOTsyth_20 50.000000 0.025000 0.800000 18
NOTsyth_21 50.000000 0.025000 0.800000 18
NOTsyth_22 50.000000 0.025000 0.800000 18
NOTsyth_23 50.000000 0.025000 0.800000 18
NOTsyth_24 50.000000 0.025000 0.800000 18
NOTsyth_25 50.000000 0.025000 0.800000 18
NOTsyth_26 50.000000 0.025000 0.800000 18
NOTsyth_27 50.000000 0.025000 0.800000 18
NOTsyth_28 50.000000 0.025000 0.800000 18
NOTsyth_29 50.000000 0.025000 0.800000 18
NOTsyth_30 50.000000 0.025000 0.800000 18
NOTsyth_31 50.000000 0.025000 0.800000 18
NOTsyth_32 50.000000 0.025000 0.800000 18
NOTsyth_33 50.000000 0.025000 0.800000 18
NOTsyth_34 50.000000 0.025000 0.800000 18
NOTsyth_35 50.000000 0.025000 0.800000 18
NOTsyth_36 50.000000 0.025000 0.800000 18
NOTsyth_37 50.000000 0.025000 0.800000 18
NOTsyth_38 50.000000 0.025000 0.800000 18
NOTsyth_39 50.000000 0.025000 0.800000 18
NOTsyth_40 50.000000 0.025000 0.800000 18
NOTsyth_41 50.000000 0.025000 0.800000 18
NOTsyth_42 50.000000 0.025000 0.800000 18
NOTsyth_43 50.000000 0.025000 0.800000 18
NOTsyth_44 50.000000 0.025000 0.800000 18
NOTsyth_45 50.000000 0.025000 0.800000 18
NOTsyth_46 50.000000 0.025000 0.800000 18
NOTsyth_47 50.000000 0.025000 0.800000 18
NOTsyth_48 50.000000 0.025000 0.800000 18
NOTsyth_49 50.000000 0.025000 0.800000 18
