NOT_LtsvJ-PhlF 20.8746 0.0188736 0.0806827 3.85467
NOT_SccJ-SrpR 30.413 0.0178353 0.197451 2.95187
NOT_SarJ-BM3R1 1.77633 0.03187 0.103043 3.55014
NOT_PlmJ-AmtR 17.7122 0.0498889 0.457648 2.48188
NOT_VtmoJ-HlyIIR 17.3191 0.0926914 4.92884 3.17637
NOT_PlmJ-TarA 2.76629 0.105442 0.799086 1.52971
NOT_TetR 24.336 0.178 0.095 2.665
NOT_Orf2 14.171 0.207 0.375 6.129
NOT_LmrA 70.16 1.147 1.243 3.059
NOT_PsrA 19.908 0.46 0.414 1.985
NOT_BetI 13.321 0.377 0.207 2.357
NOT_IcaR 12.571 0.366 0.416 1.752
NOT_QacR 20.972 0.659 0.481 1.742
NOT_McbR 15.902 1.144 0.409 1.586
NOT_ScbR 5.222 0.616 0.143 2.461
NOT_HapR 10.204 1.515 0.107 1.339
NOT_ButR 12.161 1.849 1.013 2.012
NOT_SmcR 12.554 2.347 0.095 1.811